spsex id date time observer temp wind height podia dist1 dist2 dist3
PUF 10 062095 094300 LR 31 00 36 0.4 13 0 0 2 2
PUF 11 062395 101000 LR .  00 45 1.0  4 0 0 1 3
PUM 12 062095 101200 LR 31 00 69 0.2 16 0 0 2 2
PUM 13 062095 095095 LR 31 00 36 0.4 13 0 0 2 2
PUM 14 062995 091600 LR 29 00 77 0.9 06 0 0 1 1
PUM 15 062995 092500 LR 29 00 135 1.2 11 0 0 2 0
PUM 16 062995 044500 LR 31 00 12 0.4 04 0 0 2 1
PUM 15 060395 094700 MB 34 0 29 0.9 9 0 0 1 3
CRF 17 .       . . . LR 32 0 73 53 0 0 63 . .
CRF 18 062595  . . . LR 30 0 60 3 15 21 29 2 1
CRF 19 062995 153000 LR 31 0 19 16 7 0 55 2 1
CRF 20 062995 165000 LR 31 0 55 13 9 0 6 2 1
CRF 21 062995 092000 LR 29 0 96 1.7 5 0 0 2 0
CRF 22 062995 103500 LR 27 0 38 6 27 60 30 2 0
CRM 86 062195 125000 LR 29 0 175 61 10.5 0 0 3 1
POM 23 061595 100800 LR  . 8 48 2 31 44 57 2 3
POM 20 061495 152900 MB . . 0 0 15 75 9 . .
POM 01 061695 132000 DI 34 . 49 2.7 9 11 19 2 1
POM 02 061695 111300 DI 33 . 34 1 5 5 21 2 3
POM 05 061595 115752 DI 33 . 39 1.3 14 23 25 2 1
POM 07 061595 094900 DI 33 . 1 7 6 24 15 2 1
POM 08 061495 164927 DI 32 . 0 0 18 1.5 60 1 3
POM 09 061495 150455 DI 32 . 46 0.8 6 7 1.5 2 2
POM 12 061495 103500 DI 33.5 . 54 0.8 6 46 1.5 2 1
POM 13 061495 095635 DI 34 . 9 0.1 5 4.3 29 2 3
POF 01 061395 141138 SK 32 . 24 1.1 4 17 16 2 .
POM 02 061495 153700 SK 32 . 32.5 2.9 14.5 21.5 17 2 1
POM 03 061495 114145 SK 26.5 . 29.5 4 .5 6.2 22 2 0
POM 04 061495 101954 SK 32 . 31 1.2 6 10 14.5 2 0
POF 05 061595 124200 SK . . 35 2.1 15 20 14 2 0
POF 06 061595 121100 SK 24 . 19 1.7 7 3 9 2 0
POM 07 061595 105600 SK 35 . 35 3.5 20 6 5 2 0
POM 08 061595 100930 SK 31 . 38 2.2 10 6 23 2 1
POF 24 061595 092000 LR . 5 53 0.9 39 30 0 2 3
POF 25 061595 103000 LR . 6 23 2 0 34 29 2 3
POF 21 061495 162800 MB . . 32 0.7 29 4.5 55 2 3
POF 22 061496 165000 MB . . 20 3 19 0 0 0 3
POF 03 061595 124621 DI 33 . 3.8 2.9 10 13 11 2 1
POF 06 061595 104808 DI 33 . 0.4 24 3 21 20 2 .
POF 10 061495 115500 DI 33 . 54 0.3 3 23 4.8 2 1
POF 11 061495 111148 DI 33 . 41 0.7 3 1.5 52 2 3
GUF 26 .       . . . LR 29 0 310 7 0 47 41 2 0
GUF 27 062195 093095 LR 25 0 87 15 0 0 91 2 1
GUF 28 070195 093300 LR 25 0 180 4.3 26 31 74 2 0
GUF 29 070195 095200 LR 25 0 172 2.6 24 39 51 22 1
GUF 30 070195 095900 LR 25 0 310 2.1 3 8 24 2 1
GUF 31 070195 100400 LR 25 0 133 2 15 15 47 2 1
GUF 32 070195 100600 LR 25 0 147 1.8 67 51 0 2 1
GUF 33 070195 101200 LR 25 0 111 3.8 62 65 31 2 1
GUF 34 070195 105800 LR 26 0 57 15 22 58 45 2 1
GUF 35 070195 105900 LR 26 0 144 2.8 49 71 18 2 0
GUF 36 070195 111600 LR 26 0 70 22 52 87 59 2 1
GUF 13 060695 103100 MB 29 0 36 40 48 0 60 3 0
GUF 14 060695 110100 MB 25 0 180 18 10 0 0 2 .
GUF 15 060695 121200 MB 28 0 129 5 40 95 73 . 0
GUM 37 .       . . . LR 30 0 350 4 12 43 0 2 0
GUM 38 062695 110000 LR 25 0 220 9 20 23 45 2 1
GUM 39 062695 102000 LR 25 0 151 26 57 41 42 2 1
GUM 40 062695 093800 LR 25 0 187 16 0 0 82 2 1
GUM 41 070195 091595 LR 25 0 99 11 32 40 30 2 0
GUM 42 070195 094295 LR 25 0 270 26 61 23 0 2 0
GUM 43 070195 094495 LR 25 0 101 3 6 18 47 2 1
GUM 44 070195 094895 LR 25 0 145 13 9 12 14 2 1
GUM 45 070195 095795 LR 25 0 151 6 34 18 52 2 1
GUM 46 070195 102095 LR 26 0 172 19 67 56 55 2 0
GUM 47 070195 105095 LR 26 0 65 1.1 23 8 29 2 0
GUM 48 070195 110195 LR 26 0 120 21 86 0 0 2 0
GUM 49 070195 110395 LR 26 0 235 19 27 0 22 2 1
GUM 50 070195 110895 LR 26 0 133 25 0 47 38 2 1
GUM 51 070195 111000 LR 27 0 105 10.2 22 0 47 2 1
GUM 52 070195 111800 LR 27 0 163 47 0 0 0 2 0
GUM 10 060695 092500 MB 29 0 104 4 16 83 31 2 1
GUM 11 060695 093900 MB 29 0 210 21 10 85 47 3 1
GUM 12 060695 112500 MB 25 0 300 9 20 0 15 2 .
EVM 53 .       . . . LR 29 0 380 11 0 0 76 2 1 
EVM 54 070195 093800 LR 25 0 280 23 22 81 31 2 0
EVM 55 070195 102500 LR 26 0 31 9 4 28 37 2 0
EVM 56 070195 113100 LR 27 0 39 65 77 86 96 0 1
EVM 57 070195 122300 LR 28 0 95 18 11 10 53 2 0
EVM 17 060695 123600 MB 28 0 500 3 15 5 80 . 0
EVF 58  .      . . . LR 29 0 200 3.5 19 0 0 2 2
EVF 59 061895 124000 LR .  0 61 4 0 0 37 2 1
EVF 60 061895 095400 LR .  0 204 29 21 46 31 2 1
EVF 61 062395  . . . LR .  0 61 22 39 66 53 2 1
EVF 62 070195 095000 LR 25 0 73 21 20 29 35 2 0
EVF 63 070195 100300 LR 25 0 79 6.9 22 80 81 1 1
EVF 64 070195 102400 LR 26 0 83 11 16 21 11 2 0
EVF 65 070195 125800 LR 29 0 117 3.4 6 45 0 2 1
EVF 66 070195 131200 LR 29 0 112 3.3 15 26 45 2 1
EVF 67 070195 161800 LR 29 0 76 4.4 11 26 26 2 0
EVF 16 060695 101400 MB 29 0 43 11 33 0 0 3 1
STF 68 061895 113400 LR .  0 38 7 25 94 37 2 1
STF 69 .       . . . LR .  0 23 1.2 57 31 72 2 2
STF 70 070195 100900 LR 25 0 65 3.4 10 78 0 2 1
STF 71 070195 115700 LR 28 0 129 2.2 18 45 36 2 1
STF 18 060795 095500 MB 28 0 80 5.5 15 0 0 3 .
STF 19 060795 104000 MB .  0 61 08 49 0 0 3 .
KRM 72 061995 114500 LR .  0 59 1.6 16 26 27 2 1
KRM 73 062595 091500 LR 30 0 28 5 12 0 0 1 1
KRM 74 062595 112500 LR 30 0 112 1.4 7 19 38 2 1
KRM 75 062395 085000 LR .  0 50 0.8 9 25 40 2 1
KRM 76 062995 103200 LR 27 0 65 1.5 26 0 52 2 0
KRM 77 062995 104200 LR 27 0 19 0.9 5 0 6 2 0
KRM 78 062995 110700 LR 27 0 120 14 32 0 26 2 0
KRM 79 062995 160000 LR 31 0 70 0.2 5 0 0 2 1
KRM 80 062995 183000 LR 27 0 24 1 9 0 0 2 1
KRM 81 062995 183000 LR 27 0 47 2 10 0 0 1 0
KRF 82 .       . . . LR .  0 50 8 9 25 40 2 1
KRF 83 062595 122000 LR 31 0 175 0.5 32 48 0 2 1
KRF 84 062995 172400 LR 27 0 28 3.2 28 0 0 1 1
KRF 85 062995 175500 LR 27 0 46 2.4 13 0 0 1 0
KRF 86 062995 183000 LR 27 0 45 0.5 10 0 0 2 0
CUM 95 060188  . . . JL  . . 750 15 0 0 18 . .
CUM 96 060188  . . . JL  . . 175 8  13 38 30 . .
CUM 97 060188  . . . JL  . . 125 3.5 15 32 40 . .
